     0
     0
     0
     0
     0
     0
     0
     0
     0
     0
     0
     0
     0
     0
     0
     0
     0
     0
     0
     0
     0
     0
     0
     0
     0
     0
     0
     0
     0
     0
     0
     0
     0
     0
     0
     0
     1
     0
     1
     2
     1
     4
     6
     4
     6
     7
    11
    10
    12
     8
     8
     5
    13
    10
     9
    10
    10
    11
    11
     3
    10
     9
    15
    11
    11
    11
    15
    12
    10
    12
    14
    16
     6
    11
    10
     9
    13
    15
    13
    12
    13
    14
    12
    13
    17
    15
    21
    15
    15
    16
    25
    22
    17
    17
    20
    13
    28
    29
    22
    17
    22
    29
    30
    26
    27
    38
    50
    43
    49
    47
    37
    51
    51
    57
    57
    54
    49
    66
    73
    79
    80
    83
    70
    74
   105
   101
   104
   115
   110
   133
   155
   136
   161
   159
   203
   216
   221
   281
   325
   341
   383
   482
   561
   607
   671
   777
   910
  1092
  1258
  1413
  1710
  1939
  2206
  2477
  2745
  3033
  3353
  3476
  3760
  3970
  4003
  4335
  4573
  4772
  4851
  5104
  5389
  5654
  5930
  6100
  6244
  6373
  6460
  6775
  7121
  7215
  7392
  7775
  7919
  7934
  7875
  7789
  7889
  7805
  7714
  7550
  7382
  7034
  6518
  5763
  4778
  3921
  3161
  2466
  1898
  1479
  1104
   780
   581
   408
   331
   260
   183
   164
   144
   109
    89
    99
    88
    74
    91
    67
    57
    43
    44
    45
    58
    39
    35
    49
    40
    35
    40
    42
    48
    34
    34
    20
    15
    10
    10
    14
     8
     8
     3
    16
     9
     6
     5
     7
     3
     8
     8
     7
     9
     5
     5
     4
     7
     5
    11
    38
   105
   264
  1493
   195
